3, 
8, 
11, 
32, 
35, 
56, 
59, 
64, 
67, 
118, 
121, 
208, 
211, 
216, 
219, 
622, 
625, 
712, 
715, 
720, 
723, 
744, 
747, 
896, 
899, 
986, 
989, 
2560, 
2563, 
2778, 
2781, 
3806, 
3809, 
3890, 
3893, 
4198, 
4201, 
4584, 
4587, 
5338, 
5341, 
5458, 
5461, 
5962, 
5965, 
8642, 
8645, 
12084, 
12087, 
12772, 
12775, 
13602, 
13605, 
14012, 
14015, 
17336, 
17339, 
18016, 
18019, 
19310, 
19313, 
20940, 
20943, 
26374, 
26377, 
29320, 
29323, 
38154, 
38157, 
42662, 
42665, 
43502, 
43505, 
45930, 
45933, 
49686, 
49689, 
60066, 
60069, 
64476, 
64479, 
72448, 
72451, 
83956, 
83959, 
91046, 
91049, 
93740, 
93743, 
96310, 
96313, 
118766, 
118769, 
123806, 
123809, 
143434, 
143437, 
147712, 
147715, 
154866, 
154869, 
170090, 
170093, 
187820, 
187823, 
209752, 
209755, 
244800, 
244803, 
273474, 
273477, 
347428, 
347431, 
382530, 
382533, 
402720, 
402723, 
467274, 
467277, 
543812, 
543815, 
561334, 
561337, 
580884, 
580887, 
607694, 
607697, 
665034, 
665037, 
686696, 
686699, 
693306, 
693309, 
816300, 
816303, 
960620, 
960623, 
960964, 
960967, 
1024258, 
1024261, 
1157516, 
1157519, 
1340720, 
1340723, 
1377504, 
1377507, 
1412330, 
1412333, 
1454878, 
1454881, 
1488314, 
1488317, 
1608896, 
1608899, 
1907342, 
1907345, 
1915204, 
1915207, 
1953088, 
1953091, 
2011552, 
2011555, 
2053088, 
2053091, 
2218520, 
2218523, 
2439860, 
2439863, 
2506800, 
2506803, 
2792760, 
2792763, 
2818000, 
2818003, 
3058974, 
3058977, 
3692938, 
3692941, 
3810186, 
3810189, 
3850764, 
3850767, 
4240946, 
4240949, 
5380204, 
5380207, 
5484644, 
5484647, 
5632196, 
5632199, 
6136490, 
6136493, 
6929080, 
6929083, 
7019280, 
7019283, 
7163844, 
7163847, 
7339412, 
7339415, 
8299624, 
8299627, 
9702450, 
9702453, 
10000910, 
10000913, 
11404634, 
11404637, 
13368688, 
13368691, 
13509604, 
13509607, 
13750138, 
13750141, 
15095790, 
15095793, 
16166924, 
16166927, 
16409144, 
16409147, 
17105420, 
17105423, 
17412348, 
17412351, 
17820008, 
17820011, 
20007958, 
20007961, 
20693774, 
20693777, 
22045460, 
22045463, 
23380094, 
23380097, 
24789334, 
24789337, 
25126678, 
25126681, 
26647980, 
26647983, 
27683252, 
27683255, 
27781826, 
27781829, 
28640628, 
28640631, 
33645474, 
33645477, 
